START_BH
-899828966;9541503 -851469564;-209742119
-899828966;9541503 -693399677;298371209
-851469564;-209742119 -684339027;111846194
-693399677;298371209 -684339027;111846194
END_BH
START_BH
-660138632;3674921 -612626321;437995595
-660138632;3674921 -567320440;11585347
-612626321;437995595 -567391089;261021598
-567391089;261021598 -567320440;11585347
END_BH
START_MERGER
8
-899828966;9541503
-851469564;-209742119
-567320440;11585347
-567391089;261021598
-612626321;437995595
END_MERGER
START_BH
-521782353;-107954677 -520184269;150338736
-521782353;-107954677 -502595047;189855
-520184269;150338736 -474195787;256564590
-502595047;189855 -474195787;256564590
END_BH
START_BH
-457088193;183102628 -442504183;-44642269
-457088193;183102628 -357351342;250551523
-442504183;-44642269 -415695491;-36069082
-415695491;-36069082 -357351342;250551523
END_BH
START_MERGER
8
-474195787;256564590
-520184269;150338736
-521782353;-107954677
-415695491;-36069082
-357351342;250551523
END_MERGER
START_MERGER
10
-612626321;437995595
-899828966;9541503
-851469564;-209742119
-521782353;-107954677
-415695491;-36069082
-357351342;250551523
END_MERGER
START_BH
-348137124;-355819834 -343847450;-559812323
-348137124;-355819834 -318435665;-56801649
-343847450;-559812323 -318435665;-56801649
END_BH
START_BH
-308750462;-127666750 -296697956;-59407770
-308750462;-127666750 -291660468;-753179680
-296697956;-59407770 -238451378;-870031846
-291660468;-753179680 -238451378;-870031846
END_BH
START_MERGER
7
-318435665;-56801649
-348137124;-355819834
-343847450;-559812323
-291660468;-753179680
-238451378;-870031846
-296697956;-59407770
END_MERGER
START_BH
-234745924;754564168 -227857376;-35769885
-234745924;754564168 -206789937;57468032
-227857376;-35769885 -202953363;-158153871
-206789937;57468032 -202953363;-158153871
END_BH
START_BH
-199291888;94590974 -198267301;171631882
-199291888;94590974 -180325552;67562944
-198267301;171631882 -180325552;67562944
END_BH
START_MERGER
7
-234745924;754564168
-227857376;-35769885
-202953363;-158153871
-180325552;67562944
END_MERGER
START_MERGER
10
-318435665;-56801649
-348137124;-355819834
-343847450;-559812323
-291660468;-753179680
-238451378;-870031846
-180325552;67562944
-234745924;754564168
END_MERGER
START_MERGER
13
-612626321;437995595
-899828966;9541503
-851469564;-209742119
-238451378;-870031846
-180325552;67562944
-234745924;754564168
END_MERGER
START_BH
-173858985;12376994 -170584631;678184503
-173858985;12376994 -166582751;-179532333
-170584631;678184503 -161140067;788676
-166582751;-179532333 -161140067;788676
END_BH
START_BH
-155319516;28896514 -138494925;5285018
-155319516;28896514 -130646322;-87160453
-138494925;5285018 -134540166;-13027608
-134540166;-13027608 -130646322;-87160453
END_BH
START_MERGER
8
-170584631;678184503
-173858985;12376994
-166582751;-179532333
-130646322;-87160453
END_MERGER
START_BH
-127597711;-10957244 -109109209;-448424058
-127597711;-10957244 -103776226;140242662
-109109209;-448424058 -103776226;140242662
END_BH
START_BH
-94189842;157526714 -68886475;374513411
-94189842;157526714 -66779318;-501442156
-68886475;374513411 -66779318;-501442156
END_BH
START_MERGER
6
-127597711;-10957244
-109109209;-448424058
-66779318;-501442156
-68886475;374513411
END_MERGER
START_MERGER
8
-170584631;678184503
-173858985;12376994
-166582751;-179532333
-109109209;-448424058
-66779318;-501442156
-68886475;374513411
END_MERGER
START_BH
-66470165;-209047536 -60042495;-481473422
-66470165;-209047536 -58499417;12958103
-60042495;-481473422 -30437585;126176807
-58499417;12958103 -30437585;126176807
END_BH
START_BH
-29408312;51676400 -28078885;206728582
-29408312;51676400 -21778777;410768922
-28078885;206728582 -21778777;410768922
END_BH
START_MERGER
7
-58499417;12958103
-66470165;-209047536
-60042495;-481473422
-29408312;51676400
-21778777;410768922
END_MERGER
START_BH
-20669228;-2952119 -20127476;-178527942
-20669228;-2952119 -15056841;-117267155
-20127476;-178527942 -18281933;-203556686
-18281933;-203556686 -15056841;-117267155
END_BH
START_BH
-11815960;-1668773 -9514276;285416181
-11815960;-1668773 -5219557;160816764
-9514276;285416181 -5219557;160816764
END_BH
START_MERGER
7
-20669228;-2952119
-20127476;-178527942
-18281933;-203556686
-15056841;-117267155
-5219557;160816764
-9514276;285416181
END_MERGER
START_MERGER
11
-21778777;410768922
-58499417;12958103
-66470165;-209047536
-60042495;-481473422
-18281933;-203556686
-15056841;-117267155
-5219557;160816764
-9514276;285416181
END_MERGER
START_MERGER
14
-170584631;678184503
-173858985;12376994
-166582751;-179532333
-109109209;-448424058
-66779318;-501442156
-60042495;-481473422
-18281933;-203556686
-15056841;-117267155
-5219557;160816764
-9514276;285416181
-21778777;410768922
END_MERGER
START_MERGER
17
-234745924;754564168
-612626321;437995595
-899828966;9541503
-851469564;-209742119
-238451378;-870031846
-66779318;-501442156
-60042495;-481473422
-18281933;-203556686
-15056841;-117267155
-5219557;160816764
-9514276;285416181
-21778777;410768922
-170584631;678184503
END_MERGER
START_BH
-3265594;-271806284 -2961031;187845808
-3265594;-271806284 16263652;-112569999
-2961031;187845808 16263652;-112569999
END_BH
START_BH
17069704;3871754 18774159;176858819
17069704;3871754 36185467;-38618212
18774159;176858819 36185467;-38618212
END_BH
START_MERGER
6
-2961031;187845808
-3265594;-271806284
36185467;-38618212
18774159;176858819
END_MERGER
START_BH
43178223;-457050015 43180892;-580973748
43178223;-457050015 51517280;-69891585
43180892;-580973748 43401156;-770989994
43401156;-770989994 51517280;-69891585
END_BH
START_BH
52454015;-13092110 53470620;392366697
52454015;-13092110 62179256;48438578
53470620;392366697 55389409;434713971
55389409;434713971 62179256;48438578
END_BH
START_MERGER
8
43178223;-457050015
43180892;-580973748
43401156;-770989994
62179256;48438578
55389409;434713971
53470620;392366697
END_MERGER
START_MERGER
10
-2961031;187845808
-3265594;-271806284
43401156;-770989994
62179256;48438578
55389409;434713971
END_MERGER
START_BH
66502311;359562375 68385484;269582511
66502311;359562375 77284533;-15606934
68385484;269582511 76587770;-47468785
76587770;-47468785 77284533;-15606934
END_BH
START_BH
78948384;24037527 85957903;-301995690
78948384;24037527 101406261;-505350263
85957903;-301995690 102546532;-848879259
101406261;-505350263 102546532;-848879259
END_BH
START_MERGER
8
66502311;359562375
68385484;269582511
76587770;-47468785
102546532;-848879259
101406261;-505350263
END_MERGER
START_BH
108027284;-202173473 125944940;218413438
108027284;-202173473 131984182;-546868713
125944940;218413438 128265932;189655030
128265932;189655030 131984182;-546868713
END_BH
START_BH
132153431;82852369 203094467;-26818278
132153431;82852369 218904273;90132907
203094467;-26818278 218904273;90132907
END_BH
START_MERGER
7
125944940;218413438
108027284;-202173473
131984182;-546868713
203094467;-26818278
218904273;90132907
END_MERGER
START_MERGER
10
66502311;359562375
68385484;269582511
76587770;-47468785
102546532;-848879259
218904273;90132907
END_MERGER
START_MERGER
10
55389409;434713971
-2961031;187845808
-3265594;-271806284
43401156;-770989994
102546532;-848879259
218904273;90132907
END_MERGER
START_BH
233572353;-41889665 244286632;528761187
233572353;-41889665 282351906;-171362127
244286632;528761187 282351906;-171362127
END_BH
START_BH
282703706;7605181 291054978;665946486
282703706;7605181 300309108;-52082824
291054978;665946486 300309108;-52082824
END_BH
START_MERGER
6
244286632;528761187
233572353;-41889665
282351906;-171362127
300309108;-52082824
291054978;665946486
END_MERGER
START_BH
318077778;32644051 333831305;-496168995
318077778;32644051 348727111;15964417
333831305;-496168995 348727111;15964417
END_BH
START_BH
355747019;38192859 355756202;-155145314
355747019;38192859 394379367;-169121529
355756202;-155145314 407773404;-621504293
394379367;-169121529 407773404;-621504293
END_BH
START_MERGER
7
318077778;32644051
333831305;-496168995
407773404;-621504293
394379367;-169121529
355747019;38192859
END_MERGER
START_MERGER
10
291054978;665946486
244286632;528761187
233572353;-41889665
333831305;-496168995
407773404;-621504293
394379367;-169121529
END_MERGER
START_BH
410444047;-615290434 425003659;553218564
410444047;-615290434 425102084;862281
425003659;553218564 430691580;816908224
425102084;862281 430691580;816908224
END_BH
START_BH
440685166;-59336037 471923717;-333444808
440685166;-59336037 583449307;68215608
471923717;-333444808 583449307;68215608
END_BH
START_MERGER
7
430691580;816908224
425003659;553218564
410444047;-615290434
583449307;68215608
END_MERGER
START_BH
595951483;185974908 600545755;625922375
595951483;185974908 603637977;-193805314
600545755;625922375 618486249;131512349
603637977;-193805314 618486249;131512349
END_BH
START_BH
693445416;-30285779 713187174;-157869401
693445416;-30285779 777940825;-6505120
713187174;-157869401 793525477;-7725728
777940825;-6505120 793525477;-7725728
END_BH
START_MERGER
8
600545755;625922375
595951483;185974908
603637977;-193805314
713187174;-157869401
793525477;-7725728
END_MERGER
START_MERGER
9
430691580;816908224
425003659;553218564
410444047;-615290434
713187174;-157869401
793525477;-7725728
600545755;625922375
END_MERGER
START_MERGER
12
291054978;665946486
244286632;528761187
233572353;-41889665
333831305;-496168995
407773404;-621504293
713187174;-157869401
793525477;-7725728
600545755;625922375
430691580;816908224
END_MERGER
START_MERGER
15
55389409;434713971
-2961031;187845808
-3265594;-271806284
43401156;-770989994
102546532;-848879259
407773404;-621504293
713187174;-157869401
793525477;-7725728
600545755;625922375
430691580;816908224
END_MERGER
START_MERGER
23
-234745924;754564168
-612626321;437995595
-899828966;9541503
-851469564;-209742119
-238451378;-870031846
102546532;-848879259
407773404;-621504293
713187174;-157869401
793525477;-7725728
600545755;625922375
430691580;816908224
END_MERGER
