-989572570;-123490512
-976546731;231011918
-971318748;100451431
-957998160;-180325930
-945201939;101506368
-936345048;313543849
-934216410;342881617
-928691332;-500517449
-923397449;553421873
-923141895;-544392165
-905018724;-502415548
-903763541;-143815196
-903451310;181165122
-897173442;381860093
-895938247;-47107432
-887065313;420815575
-884518522;-181683174
-883319413;-327406753
-882249745;25549654
-879297481;-289425413
-875923048;-36829592
-865043232;27199781
-864626272;-57487874
-863031286;151105543
-850035245;340575371
-849500812;-108571637
-849468498;-40742268
-836878730;-21158009
-835981886;67923749
-832646485;-94880113
-831063453;-168066345
-830558383;-4038354
-828727462;-27661523
-823939362;-919425981
-817024854;-84255864
-814644904;93522717
-813172348;45840111
-812209249;-69913230
-812141100;72128687
-801642834;136171420
-798567794;132157492
-798111126;578215395
-798002387;28667133
-795245486;505498439
-793481018;280158095
-792320447;-43437073
-792293335;-79119211
-785361308;-640817086
-782944834;265238347
-779939836;-20451124
-779869947;-271584377
-777169870;-32477313
-776406143;45435640
-775340304;-136849031
-773248077;31016459
-771923933;-37543816
-766091486;437788703
-765380951;-389515948
-761852606;-161636444
-760849236;797424501
-760169520;440757135
-756424522;-469282545
-755555416;-361468763
-754216418;-718282504
-753595605;-38253841
-753000170;-306401094
-752824593;66923128
-750418802;-43789423
-750300235;465852822
-748846356;-376271426
-748544682;332788710
-747926634;35664160
-741111201;312210750
-738594270;215898095
-738453303;-97094968
-738326412;-10428087
-737441984;284449375
-735635326;174068273
-732200133;25297862
-729365445;-5343498
-727202952;-18689689
-719687253;19146338
-719163239;-98543810
-718469423;440779415
-717812545;-6149493
-717521962;-9976881
-716231614;308483037
-716075337;333201902
-715252980;116183917
-714975807;-627154424
-714199131;45472835
-707258013;221721068
-702733654;44896733
-701124426;-277911100
-698087336;51055664
-697725516;-440061416
-693696139;-951328806
-687322081;112710842
-687060916;-110364373
-683176839;290464681
-677813309;-366030672
-677564545;-25680101
-676474515;-8518950
-674726915;-642252560
-673478807;-17397062
-672247408;433778244
-671822182;114080404
-671354228;-29654053
-670715764;277169599
-669887923;61412894
-664610451;-387548296
-662385676;9264316
-660476955;-170939134
-659387213;100006915
-659340472;165673904
-658423898;682155450
-653204438;125357393
-652829053;-103056766
-652450841;-76242391
-650399033;161973637
-649639001;72503870
-648976560;-508116002
-648757430;82280855
-645122175;218415999
-643705800;45277212
-642342623;33877950
-642014622;122735914
-641862671;-220634887
-641331277;-36772799
-640091192;-170673373
-637913557;-318703823
-637437005;-590686387
-635746599;-392479521
-634240611;51758420
-631362019;241292467
-629952800;18831101
-629656435;256701799
-628468116;55317003
-626942487;-77126415
-626541590;48920670
-625362003;81278833
-624918968;1365150
-623967733;2561412
-622748012;-530351217
-620974922;182802325
-620911337;-117437168
-620862436;-11268162
-620197004;21158135
-619240806;-174182661
-618396589;37980759
-617729907;-196652031
-617398702;586799088
-616697870;22212655
-616182502;603626237
-612979350;855013460
-612129485;-14074751
-609624793;-307006486
-607526962;-50869606
-607071864;-332942559
-606253365;-286947275
-605503094;118824628
-604907578;-811623313
-603458222;283075208
-602592200;-707126118
-602427267;-26592890
-602080084;383196251
-595428962;-45628725
-594706472;-383908532
-593598122;-478546501
-592726541;2305995
-586982865;209616743
-586603735;275062771
-586124141;239219802
-584460907;175502514
-584223479;-173143154
-583575338;-534638058
-582313307;385981701
-580045301;-436534375
-577857068;-278432692
-576957955;-365522472
-576750238;541636460
-571311276;-17709454
-570916343;593539300
-570819683;10750864
-570448643;30597336
-568626243;-336496726
-567301767;-667928372
-564802332;-110318420
-564570300;-152496730
-564224588;330612440
-561027335;5486689
-559491713;-276389469
-557866781;-877217062
-557794564;56606465
-557787742;-80981811
-557145123;86618146
-556545308;-223659676
-555345468;228085388
-554920730;-74332943
-554912234;-1396263
-554555403;-189689363
-554467145;97194223
-552977090;82869616
-552295015;-236142618
-551924956;-25309843
-550142167;200486427
-549814354;-546171648
-549389683;913757330
-549258022;-18513983
-547814843;-94766309
-542678344;-110987606
-541652845;144000424
-540945318;-463949630
-540398986;-208322415
-538911024;40123622
-538434419;72582443
-537629393;-118231556
-537508450;178249878
-537094027;530939435
-536903499;9580025
-536241875;-170639181
-535053001;-447926531
-533247200;228205118
-532968285;23928408
-532780241;-64687307
-532548342;-259069516
-532189505;-570501574
-530879672;-222067186
-527382524;-617435445
-526585886;-518570770
-525915498;-36200426
-524569401;360778791
-524116900;-432010352
-524078408;-143404296
-524044031;194808555
-523245694;126082537
-522445956;-5467393
-519945686;36736857
-519817281;-217762177
-519574365;301008914
-519554348;-2461583
-519317349;-33728467
-518346969;-158222015
-518067038;281470095
-517798216;669475882
-517091104;-50798866
-516858277;1120058
-515883899;32495790
-515850680;180886174
-514498221;153713197
-513117457;121977927
-512256016;-101986025
-510295946;-133571244
-509354886;710559401
-508939520;65515965
-508855107;-851171238
-507990384;351147048
-507911179;-170529525
-507761531;631097033
-506804642;469794308
-505858526;-585296726
-505603639;-24709694
-505227949;-36064153
-504894529;142058876
-504756970;-16982173
-503625763;1114430
-502689501;53910701
-502681305;-181155226
-502490310;-30873481
-502096619;44256756
-501706943;-5238570
-501454171;200798961
-501386150;287062952
-500647640;-442297885
-499544042;-778601281
-498851887;-108216484
-498799095;-806598692
-498306941;-299343841
-495222681;770628096
-493867553;280640590
-491700049;16886882
-491533936;-10236709
-490281948;-165288545
-489879539;-313376679
-489357636;397814503
-488841009;-19838640
-488530848;95323373
-488178574;-108152724
-487708339;77618686
-487574184;349476854
-485796245;357259697
-485466758;95276642
-484971373;-449541436
-483592005;117880625
-483275528;-261184743
-483012846;45490918
-481579195;422447333
-481142393;-247420343
-480838431;-420523567
-480126643;755276146
-479290315;-646278621
-479252828;-16315386
-478815282;295707661
-476573946;-57610951
-476281971;-35882811
-474961801;-63592513
-474747074;-142706656
-474074181;45524364
-473882316;549786171
-468349027;-120977428
-467558969;22262115
-467008998;361354409
-465466098;80370577
-464575447;94093861
-462497613;-138469302
-462246007;-1960780
-462149719;438360725
-460148336;-24738621
-459622016;-89857287
-459378138;-278279378
-459136890;-554072570
-458085500;25691458
-456905102;562514878
-456133155;-63835860
-453381218;-12357237
-453035125;102477452
-452851843;-28320006
-450380853;-519449691
-447063662;-29859905
-447051443;703682801
-446982640;-367033948
-445930446;-556249909
-445728755;320827048
-444763566;379705353
-444752564;-397873612
-444599645;-145528836
-444588641;-996480739
-444545158;-40964653
-444010748;-35880666
-441763061;27182918
-441561403;-474092349
-440450338;-70056039
-439936258;349763446
-438815100;38194130
-438054483;-15265782
-438015970;265318271
-437856943;861918285
-437015489;179544251
-436312800;-316186500
-435856054;-609043075
-433572896;18151906
-433493207;-53875561
-433486310;-459278802
-431610895;-68710138
-430128935;-101523402
-428989984;-194639597
-428486665;-961989083
-428390940;-239025235
-427674279;337140727
-426968458;-698741731
-426527603;-65909954
-426240786;20966267
-424201154;-242933694
-423424651;-167053994
-423053594;614031925
-421939350;-259095069
-421467518;-200996861
-421398240;-382299579
-421267767;16675446
-420471780;-442349474
-420225873;-355595891
-419620930;601052952
-419232865;376051319
-418961717;-29795474
-418191426;76030961
-417524434;-3232193
-417303621;-529053716
-417105161;-2489202
-415886000;-514954349
-414017335;17539255
-413280370;11695400
-411212588;26680586
-410066870;535980301
-408461179;-588373861
-408156285;-142148077
-407802425;332336291
-407574841;87633126
-405818983;-428771160
-404938875;308480710
-404935614;-68576314
-404121061;-164150384
-403574839;412747836
-403459120;-680830213
-403044032;69063104
-402365304;-40970011
-401354672;23931997
-400889299;-135378922
-400567608;-590614781
-400506237;223707198
-400206129;6904936
-399417281;72020546
-399409794;208399068
-399168228;35437598
-397059008;-27624040
-396141123;-407650337
-396011238;495046207
-395604539;297901767
-395499945;202973479
-395479579;-416503935
-395077239;349559873
-394724676;-370968317
-394279769;-527666556
-393996855;-292343354
-393631637;20109926
-393594660;27270677
-393237016;-843870023
-393099566;-184768984
-392159787;-170404491
-391903313;-24245044
-391576062;748976627
-391317539;-316139864
-391286377;2994935
-390202891;-90122050
-389562629;368453
-388893420;-323229918
-388707228;221431235
-387834403;102746523
-387538892;-215904309
-387496850;10301234
-386746123;738693460
-386711843;456050159
-385627064;-48559049
-385184831;-5617697
-385156285;-128659158
-383079302;-492196193
-382810316;89783025
-382773229;798224045
-381379680;-503165445
-380539629;-386214041
-380510317;-18053008
-379875465;-57801764
-379605951;545895801
-379177527;-145734241
-377712245;-221067228
-377515489;63485549
-377479882;-40877181
-377243157;621659861
-377150971;747864340
-376293445;461930821
-375797638;-217609729
-375604314;-317581351
-373772483;74413835
-373145042;-383861708
-372153827;119201724
-370634744;-378941760
-369426763;-35336984
-368599425;165947852
-368564390;-510477443
-367945112;108852794
-367900958;-431298397
-366961352;2248022
-366419034;-110033947
-366247629;22097718
-365953089;659240666
-365682715;-363776870
-364257104;209426626
-363734643;29637314
-362497495;516219763
-361972724;139086356
-361968131;506714553
-361565119;-602626751
-361430107;-8673601
-361167841;-243095462
-361122294;64520867
-360880456;-478235964
-360695027;149998319
-360618848;394704798
-359316337;286294337
-359204142;-291220141
-359081803;-1423448
-359048727;-316502581
-358927893;-11646661
-358616879;196503745
-358438081;87456903
-358034370;-230119782
-357787860;265792293
-356869553;-135052954
-356148116;29924645
-355994897;64354544
-355298066;-15188336
-355194865;802403715
-355111532;-389527924
-354691492;231520455
-354619445;35549743
-354286423;63891983
-354186627;519292947
-352911833;-232395973
-351995827;524198237
-351272884;269723248
-351213964;-184958326
-351149999;296817774
-350782673;-2529525
-350305854;-70851837
-349353528;218862565
-349315236;80375213
-348378313;-696996423
-348340301;321706927
-347201544;-697653520
-346961961;-143280848
-346864802;-126073208
-345621211;-75738759
-345410888;-210900913
-344320091;63068672
-343344710;-72889925
-342298300;600793725
-341435068;-106076250
-340631993;452759890
-340593386;354062834
-340341520;182661657
-339216512;77041644
-339011331;112316508
-338909048;346065039
-337788432;144104980
-337410667;-844459629
-336966460;136895229
-336859550;437258289
-336857683;570585519
-336735236;205341723
-335771344;333076302
-335681782;51966365
-335463980;93922271
-334840357;-704049675
-332946000;-375074899
-332126969;-68729624
-331482903;-2653817
-331168529;-65992196
-330521156;-46088960
-329760865;-18816328
-329297560;-267534637
-329094698;469739427
-328327378;54096439
-328323112;44453178
-327414871;171047012
-327376391;192879408
-327212865;-141501884
-326045659;226719134
-325851798;297568165
-325174625;169001125
-324973924;13503163
-324273001;312334747
-323803083;-293418429
-323510693;601728809
-323268618;-322626112
-322285951;665171704
-322070157;-18950080
-320520940;-822255411
-320236537;181007676
-319505754;-33038331
-319035841;-37788511
-318808352;-563158079
-318671838;-723425338
-318029895;-275276513
-317464573;741181781
-316193895;192017253
-316165732;260907280
-316096363;-225831443
-315603487;-40284183
-315108582;94555422
-314988077;-67806155
-314856207;-280209133
-314783525;-70367162
-314760344;64155399
-314692780;-76392109
-314299851;-4248038
-313488370;13008709
-313458560;738432140
-313391085;-353281417
-312511713;-18589247
-312133823;-216969634
-310502504;-369562211
-310196866;53895755
-309884623;41126541
-309704191;-141736982
-309684225;-463073797
-309284880;76011950
-308142566;443681922
-308073399;-165830854
-307749820;160945843
-307686389;-294790678
-307592842;-295496002
-307318251;166414051
-306682097;-5615130
-305944601;2437837
-305210716;-1831490
-305046510;326905057
-303923357;-576031393
-303753118;-148166784
-303724859;87253288
-302687766;132972762
-302229294;-581286243
-302148969;-472706711
-301916747;102837189
-301622970;-412235553
-300843681;429366228
-300569685;125043243
-300354007;325258221
-299932597;-110336617
-299597567;255320983
-299507445;-199121795
-299453391;342049319
-299231371;396160583
-298769581;-186285514
-298607015;-302920577
-297762910;-227161232
-297090647;537987619
-296995520;71972619
-295675508;-1466200
-295636914;-459409471
-295325372;173347588
-295052349;367117618
-295034334;216092311
-294895632;498633529
-293526771;385723675
-293134061;-36593581
-293028985;-56101618
-292895059;-97117267
-292701591;197884
-291991584;230428338
-291375136;107939038
-291285108;11243424
-290204815;61054030
-290007071;-32371670
-289591606;-860127292
-289258504;-186172887
-289254141;601187993
-289223475;236343507
-289154389;566571900
-288099313;123462827
-287849144;56021857
-286696498;167264008
-285729182;-71026988
-285621518;-86540073
-284929133;65572573
-283841262;-384841989
-283802054;-49257012
-283775895;27569605
-283097949;-200102000
-282836460;-253921151
-282519532;-889399898
-282477459;-95021843
-282104334;47654881
-281883483;499393899
-279409859;-925836300
-279108630;10783039
-278832429;298629148
-278783306;-35056651
-278214348;-130865647
-277777470;-252764292
-277691233;188331383
-277557724;148098801
-277278965;-22376775
-276930557;17426868
-276743322;-95862259
-275400143;97754539
-274559638;89384977
-274404174;220003532
-273845536;-112875468
-273414025;199145654
-272857660;12196769
-272641301;-686873293
-272596794;-201430137
-272502902;465987542
-272451290;10006573
-272262088;-447774688
-271884909;-1251000
-270760530;-46343399
-270629202;-70454881
-270536567;82997724
-269838633;633493841
-269777419;564458049
-269440978;-92605767
-268770069;549504516
-268629116;10614499
-267942330;-83253413
-267466406;202571
-266742215;11426429
-266544986;280139790
-266477224;66951259
-265768415;643027884
-265351011;349558133
-265330749;296710003
-264596300;-213229658
-262907977;-30809106
-262803936;-494010708
-262791066;-5126643
-262198118;185588329
-261669549;160682186
-261094155;145688610
-260979517;20402553
-260308180;87935828
-259768011;-92349990
-259495635;486333686
-259341808;71592596
-259235939;-191403280
-259051246;-143798090
-258896893;-33482956
-258072679;-471349671
-257512813;332118918
-257434679;375179849
-257073598;184061762
-256905835;-4294225
-256233982;679610339
-256197249;-344247828
-255639618;-172066713
-255520991;-9365520
-255489428;30709037
-255006883;-23758092
-254040430;-294557038
-253438268;442083973
-253022519;102136924
-253001798;-270403634
-252464923;-6600071
-251851280;296468002
-251096496;83479080
-250676641;-189869205
-250049824;565877879
-250046944;52291207
-249331571;-4120887
-248016226;189516234
-247901099;-35388872
-247842689;-50095064
-247463524;231370778
-247198216;567488013
-246824066;459766045
-246203590;174959479
-246068737;-170689822
-244989258;-7535585
-244438389;-30299326
-244082220;146785724
-243900960;-71583698
-243421412;-102764193
-243367771;543210818
-243310236;-2508341
-243171309;64573124
-242477102;255604206
-242268782;-45660039
-241431156;-10006693
-240212630;-911821418
-240187255;-361171832
-240032208;-244867169
-239981810;-407863683
-239936514;415523342
-239535561;-370707987
-239408042;38122075
-239015572;84151655
-238635605;80069448
-238634652;163062892
-237897673;-570358234
-237663134;126753517
-237492060;-123167922
-236943004;27755454
-236924097;182229961
-236605380;24316925
-236408493;-27874795
-236349603;350169868
-235766936;-221705186
-235718111;-99882855
-235683985;-349538423
-234797949;70662863
-234535663;262296107
-234201636;-71818660
-233923263;-119870197
-233533740;-34237149
-233426482;-214686540
-233257821;3644526
-233163333;737704452
-232894250;-19261835
-232286404;148636241
-230665323;103933208
-230594008;-37593877
-230392676;125338280
-230035248;-23324838
-229945988;42292048
-229933889;776538324
-229690976;5705197
-229537591;734362660
-229477229;141008498
-229415050;45084390
-228926551;161363549
-228683664;-36122721
-228168903;663225078
-227971581;16467364
-227803211;199088677
-227691193;142518126
-227496985;-57269838
-227490663;94555762
-227227699;71789926
-226873069;224994377
-226851666;169621745
-226615177;-2329012
-225669023;-1294210
-225255614;469615255
-224619882;546378096
-224279026;206913605
-224014218;233344623
-223921144;442423662
-223640017;-211594936
-222074099;-33778724
-221789089;-162700630
-221755418;7343903
-221412181;74830772
-221372649;-64473988
-221281431;-34085864
-221223837;-3268740
-221097914;44190678
-220592400;-648042707
-220472483;-302500467
-220127587;2643819
-219248125;-563760356
-218283048;17392829
-218245996;189055306
-217644431;350936980
-217402364;-11485812
-217381431;56268424
-216896715;-398816666
-216806644;388883780
-216649429;-99758623
-216506580;452240006
-216242648;-103422537
-215893230;-38657605
-215550719;211143112
-215299522;-391252647
-215052420;5454430
-214928930;168181280
-214168157;360245192
-213419860;-90819423
-213237066;-99588713
-212819726;468652697
-211339482;-204693813
-210622132;704427649
-210552135;49140906
-210178491;-125929477
-209840339;55664278
-209093080;-381714510
-208389080;-203010843
-208263849;317976219
-208224906;35891817
-208089764;-14001335
-207405367;214494708
-207350644;315098783
-206972595;-77917544
-206929475;381946612
-206760248;258125251
-206503961;108664318
-206292573;-7741180
-206263877;217017882
-205856516;38326537
-205586767;371979758
-205036353;15589989
-204850102;-22663689
-204281556;162182133
-203905361;-69670659
-203334127;13758264
-201969368;-28646398
-201807132;388438641
-201501349;6768469
-201132095;130140785
-200812848;128835781
-200302103;-284389464
-199684037;-17713096
-199412856;114414461
-199077076;-271768820
-198719897;165370985
-198212531;17419036
-197743174;-429513705
-197571339;-16558796
-196713084;430374336
-196537295;-62090938
-195447876;20546629
-194799229;-58283566
-194203980;185662259
-193802855;-6448477
-193397627;22807100
-193380048;-199806540
-193327957;-183972043
-193161099;103627438
-192798766;-42656356
-192594190;215288774
-192582674;-279890151
-192518705;30958209
-192332506;72637454
-192236268;-291470181
-191993326;-36949723
-191811935;338226666
-191724983;255870304
-191401923;-341973604
-191204692;155156136
-190349920;-32691425
-190056270;-46410160
-189828371;510360501
-189630748;79471377
-189443378;348248448
-188877634;-154692896
-188861940;-230301115
-187907135;212375491
-187547754;211359348
-186984265;-328234156
-186926523;-18041010
-186911666;326833776
-186835271;78175495
-186385746;-119632622
-186260206;-515931310
-185876272;18622130
-185628428;249697232
-185349907;-46241787
-185292709;-407251127
-184475828;-100215625
-184161651;-10444111
-183963555;-432462204
-183960965;234611232
-183585125;-115602360
-182484725;-61097434
-182484441;-148448171
-182372939;39598352
-182313650;-73757775
-182214963;30983096
-182186917;632651825
-182023880;65978608
-182023680;250313045
-181763865;68722771
-181732846;700775192
-181377270;-229146548
-181252392;-640281038
-181039075;630227121
-181012448;-338860882
-180983525;-318257648
-180581884;-239450615
-180080214;-692492748
-179577969;-624677
-178856164;97805344
-178681537;96849084
-178612004;-49545050
-178197856;166078928
-176566326;50703289
-175967799;36941382
-174925263;159423441
-174716995;184060799
-174650459;51364003
-174361066;114310801
-173794045;-261569940
-173787214;187089151
-173596996;19008377
-172525288;-684643714
-172383501;256517288
-171818336;42055994
-171453861;10264993
-171131135;-720692890
-171099837;-23474443
-169802046;-432111432
-169645565;58297132
-169512983;195382793
-169409628;-160461422
-169307157;-2572414
-169140951;-571161
-169125391;-3808559
-168692265;-140442427
-168296951;260351525
-168190497;221072134
-168051946;89183595
-166938175;260614806
-166837968;360172099
-166469608;473272925
-166422422;-219078814
-166212283;8676823
-166186333;-247595841
-165777314;82621774
-165332509;-370879682
-165273004;95173268
-164697574;48805689
-164608614;31622415
-164303848;22121008
-164232744;469985887
-164062409;150300794
-163082475;-18691723
-162748020;71973052
-162663557;-974362
-162569655;-48705601
-161434122;-50365984
-161234288;-7439776
-161072608;94964558
-160874903;342396996
-159819187;-205221296
-159400059;822000592
-159167644;117701802
-159058273;-84206777
-158963490;63436070
-158476778;119040904
-158414249;818614315
-158282452;39416655
-158232326;63100463
-158215910;-68831014
-158206070;-427311850
-157885572;-61741279
-157748197;24239691
-157422128;-46078392
-157376848;-190388884
-157013295;-304207325
-156488250;116403724
-156092492;-722794185
-155926788;-125490418
-155483643;116562094
-155202011;-2524186
-155123714;-99635742
-154910855;-339182068
-154890003;93515708
-154371663;12033177
-153561889;182362782
-153242593;9075611
-153217346;-74393900
-152976523;-584647358
-152872683;-479635771
-152799680;-47937864
-152563054;305214749
-152367202;-332122921
-152188971;228384997
-151543441;135445859
-151073277;74112335
-150928148;-48737528
-150676229;5627329
-150641389;-286027693
-150614705;-526099156
-150382811;291993499
-150346466;-299769597
-150164595;385195570
-149398159;-59041497
-149063604;136185745
-148793003;-8905086
-148201944;-254553593
-148005797;176318470
-147834157;-82781051
-147703167;-315147104
-147662796;326489754
-147031584;-171471325
-146317104;128641121
-146051276;161223020
-144702357;490861290
-144643179;-633232677
-144504928;-232087711
-144126926;537182779
-143338863;417023721
-143311937;31834215
-142993630;-277647879
-142972566;-270137330
-142867522;-11508558
-142841189;34442567
-142492831;-336083710
-142087839;-188586507
-141782542;-949544326
-141293156;24544115
-140982530;-686006367
-140646059;-211663409
-140619979;210632796
-140580723;414471229
-140536900;77668947
-140082995;-109286453
-139683536;-543921507
-139586104;218924272
-139145125;54820636
-138841641;509123524
-138830006;364312464
-138163412;199507940
-138131365;450506841
-138121715;136715268
-137989672;88836513
-137816681;50848141
-137395495;678080266
-137337245;125549040
-137256388;239466727
-137221190;164283172
-136735361;319652403
-136661167;151764771
-136471726;37614237
-136403964;142606398
-136339035;-469644681
-136016386;-341963253
-135517370;-226339427
-135452938;8027078
-135409581;21450400
-134932593;-116595753
-134810518;86002425
-134790735;244100594
-134199898;-276639843
-134152570;-339217513
-133991473;222455970
-133578532;-82135788
-133529156;-222791865
-133215792;299219751
-132896230;-3113233
-131963315;26614373
-131962944;412706930
-131434691;-4991304
-131331885;-368530608
-130844697;-31295414
-130828399;-23080645
-130788212;-792911443
-129662068;-60844426
-129587162;-170844105
-129551385;-123217600
-129390521;449570385
-128915376;4775958
-128848469;-54980120
-128785642;-417562963
-128213786;-105689587
-128103933;361753182
-127876607;28246876
-127621935;608584404
-127542405;415253727
-127502096;61198908
-127088419;252020135
-126929788;352375268
-126729893;201280200
-126337566;8778389
-125659851;275313227
-125121818;292550738
-124891074;-407406034
-124434027;-622913274
-124338653;-334911285
-124291918;-482757649
-124207856;-481041590
-124204905;-158493352
-124090399;-458575003
-124082096;-451850577
-123893051;-227702371
-123885115;-134655326
-123763755;448937527
-123269471;-13642285
-123038511;129202212
-122967192;-162509576
-122910999;-650051230
-122787934;596714643
-122430400;-36100752
-122264926;-223299781
-122214955;93320035
-122033718;-120838150
-122005879;239219949
-121744575;-51987259
-121325972;-397066097
-121315367;-11410258
-121245279;629180241
-120648368;357591125
-120241899;-38512443
-120026910;115098358
-119453213;-158171390
-119452879;168840296
-119439917;-810572334
-119312236;-5670115
-119010701;264221806
-118706444;-107961291
-117880651;-116923226
-117646155;-8551152
-117542553;92063659
-117443494;272866840
-117335876;-28542993
-116547445;-10291628
-115979030;-51696974
-115572144;-15514900
-115481868;-27805193
-115041913;576626662
-114903172;101578258
-114882365;-499720495
-114819242;59255155
-114635102;-19613273
-114463632;78391158
-114394226;784725548
-114385911;-19426872
-114316330;-449713870
-114182449;233767866
-114119894;128596716
-113756725;600194147
-113642692;268081843
-113611094;780667522
-113343449;202949069
-113208375;-319098330
-113075917;35173432
-112971043;243873467
-112382486;85680007
-112211173;21267901
-111537346;-40441085
-111497646;-288740910
-111440742;395127491
-111170580;-45832361
-110615692;16884794
-109476604;106639632
-109029192;-426335
-109025039;-34257000
-108963250;-30101686
-108893845;-203107809
-108799989;-170062763
-108741649;216698220
-108475288;309510999
-107821633;-48124655
-107686282;-164077762
-107549922;-14520224
-107229261;-210719880
-106896532;195789997
-106612893;212054541
-106497194;-629508
-106479255;-16309772
-106294930;199708102
-106198247;-15404467
-106155018;226546938
-105996664;-346689106
-105993317;7291810
-105933171;264925105
-105090345;-13426139
-104908220;756549299
-104275556;-475924575
-104024812;-58035459
-103510239;8418390
-103111597;4716214
-102799194;60777530
-102587501;6761076
-102549123;33058380
-102475325;-579554884
-102467435;148961174
-102408667;53287033
-102348961;11890557
-102085857;75998392
-101742143;-693684068
-101622260;-387394321
-101117681;236910010
-100977105;-390581569
-100935086;-301526513
-100838111;537701283
-100808776;90068627
-100561594;-282582914
-100029193;-798771273
-99837739;203890048
-99532199;371653821
-99521253;-64574953
-99503196;-81872629
-99376161;-268452980
-99358749;-801971905
-99284365;-116755117
-99280462;-405057698
-99064527;259037397
-98920833;-29523778
-98824474;-153826718
-98582464;37467735
-98445106;-388288228
-98343393;-60711855
-98327689;-193402522
-98080588;-339633209
-97866727;-134394744
-97840175;-428621139
-97818862;8601493
-97735806;-186393402
-97641823;-25971414
-97623080;-4588563
-97516076;-207365013
-97322426;38344783
-97147525;446206593
-96848700;-114366414
-96743068;194047841
-96633016;160932224
-96513237;162629840
-96456287;-489147557
-96262557;8071456
-96160692;273940261
-96037181;-20291887
-94870030;64986815
-94695514;18151464
-94356135;-87176053
-94156403;552272001
-94137163;-331920279
-93786134;-621900765
-93558614;202843670
-93355772;-126573138
-93213786;42561861
-93108110;-62451787
-92936371;87988381
-92887631;59397316
-92813382;-8118526
-92706102;-72401560
-92509723;-88485636
-92460598;287441487
-92432233;468088374
-92398297;-683843115
-92368720;203332903
-92273893;222904038
-91936285;-42728662
-91736646;-560649398
-91700334;278611798
-91439018;17222449
-91019201;424019062
-90901341;-296787519
-90843375;-49701157
-90306092;149751537
-90091385;-161660721
-89608423;11968950
-89278303;-59417867
-89022083;947104
-88783772;-40922055
-88647074;120610912
-88605348;587698538
-88558100;19265618
-88323188;155907125
-88266241;-75162186
-87891687;435193014
-87667453;765079287
-87654833;-521697453
-87547105;63703680
-87070049;-444771929
-86980477;-214098900
-86888637;-17041305
-86660860;249922505
-86479288;-8143610
-86319793;89554417
-86083298;-56350952
-85837561;-50367748
-85708831;16845074
-85464672;-24967776
-85452713;-168466739
-85369187;-148142488
-85272872;-152544154
-85213105;297796950
-85095056;401102815
-84990960;275315440
-84910813;-449077562
-84534477;-605358583
-84279627;-289037433
-84018396;71600995
-83809751;-16793618
-83578305;51672722
-83397566;305080649
-83238921;-26678062
-83146595;-430470161
-83103468;-15722975
-82530778;130288449
-82473493;-828759135
-82383492;-438181471
-82331303;-14852990
-82211051;-37364128
-82153752;190149431
-82074104;-698044638
-81777457;62354851
-81744943;-463912192
-81665531;-30124531
-81511254;-47316984
-81479688;110413621
-81415215;58032560
-81298329;-5645447
-80909595;717978884
-80869548;14658314
-80799507;30657295
-80481588;-329009749
-80287306;446880148
-80116732;673881850
-79021817;426958854
-79010382;-439354272
-78753315;576018085
-78708037;-20999124
-78637714;-120794063
-78598227;-299826058
-78372137;341948405
-78371140;-32749186
-78259689;-352130815
-78236894;-112928648
-78155426;-148455959
-77802796;-466354143
-77525918;-99082355
-77448496;-81661707
-77415081;-19048240
-77377389;60697012
-76889124;-138439695
-76275813;354056916
-76063068;-159932055
-75901743;12917360
-75822694;-177178332
-75734883;22093784
-75734832;-83027854
-75562704;206035662
-75467472;128937679
-75448558;-20611426
-75427997;-10342129
-75317075;256881866
-75192777;16654016
-75183551;-63498157
-75008515;18100640
-74906104;-3507505
-74674496;-303559799
-74619355;296169765
-74539312;-22742402
-74468485;207517246
-74282806;-364379887
-73839749;4611327
-73581131;15222596
-73468609;27000849
-73082867;-1526209
-73009294;621723277
-72684557;-20735615
-72518851;289365477
-72442431;67989105
-72284516;21426205
-72130100;779367840
-72021149;854745624
-71870870;-60219345
-71800965;-6971006
-71734916;19621006
-71635910;-13236666
-71359663;-10946925
-71162408;188934325
-70927134;-10050118
-70591047;592601864
-70533555;-225096881
-70510586;263446034
-70489009;654297774
-70187939;-434098787
-70065075;-94038300
-69899632;97423271
-69876252;-610262073
-69224467;-30303412
-68829356;7166901
-68807494;-8326171
-68295411;-246707722
-68111371;551239107
-68040968;8146951
-68020972;86108538
-67837208;-773960420
-67763502;-30942329
-67661215;-117192949
-67578109;272981113
-67545679;46072937
-67513510;89704690
-67486828;-33146807
-67328454;-36192509
-67062604;557737877
-66877442;544093707
-66543787;-822937987
-66509066;60915843
-66224851;-437617336
-65946712;-639940263
-65600617;-316808698
-65575514;718311133
-65573243;-121315605
-65269941;35873547
-65064273;325742140
-64085616;262350934
-63737461;-14783210
-63688416;-48874262
-63456474;-142496393
-63438211;16574292
-63264952;422393175
-63192920;-182277204
-63106052;9490308
-62938711;169135317
-62814508;-182584380
-62600733;730882
-62295475;76323316
-62252366;-95441539
-62142634;-13887663
-61834790;-18624321
-61829339;247773062
-61742728;167522981
-61703768;-1051660
-61674089;7810350
-61651005;-609483
-61463033;-318922327
-61305498;77780266
-61122101;175396005
-61112431;6980311
-61093022;2819286
-61087315;-493715075
-60192785;-583112280
-60082423;557796992
-60070816;767760885
-59947976;-258058976
-59942950;-362198326
-59543792;3663181
-59454733;-572037175
-59380737;76445266
-58941479;-252610749
-58461548;247464725
-58025592;-325662953
-57937376;-8355980
-57478317;-271751815
-57430173;-226476826
-57325845;407620908
-57305600;-468958408
-57042882;334567806
-56857912;77994464
-56545214;-400619377
-56392023;15189632
-56320815;465908320
-56287603;93439104
-56203261;252082551
-56170627;48057546
-55940236;52861728
-55928910;-102987346
-55852090;131816706
-55833086;-629144777
-55659092;-197610852
-55655347;-172939825
-55543374;-46184853
-55476011;-762788558
-55412729;332402052
-55370654;641436861
-55268152;-351848095
-54893383;293351052
-54741595;-255546360
-54550818;67595582
-54510023;-486247079
-54424584;396031474
-54321991;-7596893
-54258096;10621876
-54093645;56086870
-53631335;2238439
-53360766;-34547487
-53236181;-233275018
-53215557;4193796
-52570744;74426318
-52508796;-823345889
-52483230;-9128427
-52362084;130950091
-52359007;214361837
-52177424;87702008
-52054130;218337937
-51767676;-161326829
-51701221;-697234
-51435589;654124764
-51324655;-86984400
-51227194;-694358658
-51221192;-440281652
-51013213;-272240775
-50773695;70714314
-50734833;-490382705
-50697904;-567527812
-50654140;-401129414
-50623840;-53321182
-50397920;470560013
-50337247;30711699
-49981854;-26871942
-49889456;-288004343
-49673106;13580509
-49667546;223352285
-49251780;72142134
-48934313;86845801
-48882459;-358422860
-48867309;-202409682
-48787894;-39748714
-48713008;5380003
-48620850;-301159658
-48540581;479709631
-48446418;-117769334
-48443500;-190664572
-48394545;-487290141
-48356962;-426332461
-48318354;60930735
-48153911;-32437000
-47824689;452281428
-47746827;-259841900
-47745753;61313375
-47678883;-482723516
-47572493;-139842483
-47528902;-433297261
-47433088;118302640
-47265415;-85516729
-47148333;154242548
-46859213;-197394793
-46794363;-86038785
-46670148;-136468348
-46537215;-408844053
-46362839;120573306
-46199324;667055701
-46162210;-79319127
-46087149;786447459
-46008729;-43489620
-45924073;-31249700
-45866075;-628780815
-45746701;109545482
-45567755;-124499062
-45264511;31214432
-45246574;-453404124
-44893138;-264622463
-44530173;-231039965
-44341587;-13677733
-44202253;-14269224
-43784284;96720087
-43643584;-352493571
-43543348;2292748
-43375583;-68994428
-43202224;390354363
-43199833;427912200
-43082781;-271545682
-43013222;163131440
-42917020;-599344997
-42890842;99786935
-42795931;124692504
-42790703;-53813482
-42768420;-627867566
-42680219;-497321298
-42616974;-45671113
-42613652;-298963411
-42566982;763924865
-42509489;532022555
-42223467;43452797
-41811148;583546947
-41746589;8109437
-41481158;-3999964
-41470130;-308422699
-41407926;-3394030
-41393916;-618264311
-41189979;190868746
-41079100;317667949
-40682728;-133193537
-40673107;274775421
-40307970;89165074
-40276037;-403242505
-40230023;-693534256
-40214053;574831678
-40184471;91187960
-40116508;605122770
-40053256;51527320
-40026719;-257890668
-39882306;-280013845
-39831319;-147299566
-39681840;-86327822
-39479879;15216362
-39437439;61883187
-39344328;-83459774
-39218241;101417031
-39135884;41574329
-39058105;442021522
-38876408;-464517322
-38590264;-203443882
-38577319;-114879683
-38369117;81604455
-38318441;-447033738
-38123610;-425746722
-38118680;311030658
-37721432;399720810
-37643760;-72572253
-37592281;110731517
-37553964;-40084141
-37528103;-85033905
-37445260;303266003
-37369441;229561765
-37024751;237169487
-36905806;-102750741
-36810926;-36870573
-36773191;71448019
-36537224;-111193903
-36498846;89818197
-36279062;45740365
-36103901;517509045
-36080176;30363018
-36033197;40039923
-35936866;169282487
-35530763;305293260
-35494190;-131406617
-35484129;109724757
-35111396;24486373
-35019168;223886873
-34896330;-485369010
-34769641;235127731
-34689313;509806587
-34528802;-83071453
-34177110;-328605000
-34173294;29776299
-34022146;277735044
-33773417;540961599
-33742580;-761177387
-33552260;268951118
-33515579;184731339
-33454425;135437059
-33345201;-267111407
-33169761;1822976
-33140156;176951931
-33137877;-462038563
-32957337;126520828
-32798852;223831597
-32436643;226589706
-32098704;19224540
-32079211;103539548
-31877910;238949331
-31666427;-10208596
-31575428;-226489098
-31329791;248186577
-31162948;-94345920
-31071306;-85289603
-30879804;9793182
-30434490;-118366949
-30269034;-2223462
-30230652;-145718501
-30152026;-50812403
-30113182;803664497
-30106660;1317568
-29754083;200085107
-29509570;-223595490
-29427539;-106232413
-29290593;-150930395
-29020782;120850328
-28926613;-57605967
-28792525;311093984
-28658061;220897400
-28275565;-38885799
-28240666;49023946
-28115916;219076276
-28026868;-169166448
-27843820;193496647
-27799256;-2325765
-27798269;70708922
-27778830;-160859700
-27729546;-11621155
-27210928;-52914911
-26904410;592227092
-26473585;-67967890
-26446309;-417400480
-26336960;-64007609
-26262265;-37388947
-25936714;372638699
-25913407;28300597
-25909497;-62121006
-25901789;142992840
-25559117;2501073
-25400994;-59126119
-25386800;72451617
-25310717;-188313301
-25138056;-180999089
-24936350;33658008
-24912163;84765099
-24903445;25345504
-24862517;-24657619
-24747337;-173127927
-24722658;581500633
-24612311;132569973
-24486235;53250546
-24340642;-610370845
-24334058;-468929435
-24257963;24859570
-24240149;-707673301
-24198668;-888326337
-24168616;393437973
-23975596;68239787
-23910100;62380422
-23876264;-74613781
-23707344;-428871846
-23614231;398623303
-23435502;-184716746
-23220167;-118090581
-22993902;-749330510
-22948788;148689270
-22937421;47703736
-22855009;419875694
-22756043;-487271408
-22727805;-183273
-22665942;-129343041
-22387420;-57260413
-22302386;-35649828
-22266495;-125264426
-22263962;32697280
-21936456;-101811706
-21855729;630384922
-21828334;581861085
-21796769;-84263822
-21703068;-62216037
-21630160;532487409
-21620014;-67495610
-21557611;-33578117
-21556731;-580804299
-21531588;-1136074
-21264055;40427311
-21112899;-734057240
-20980878;-406558240
-20882871;160123299
-20807523;-8263481
-20767827;-282718099
-20731806;34273370
-20522509;231549078
-20509224;-628424325
-20433226;-29144416
-20408786;-63008228
-20385175;-715442638
-20240531;237783747
-20240322;-457995828
-20239073;72582121
-20198827;177502647
-20154476;-142846780
-20090281;19968792
-20077203;-24154076
-19955901;-756217245
-19842278;182389338
-19773945;-133137586
-19696981;-167122483
-19657796;-221637220
-19574536;-456002821
-19417912;611141554
-19359625;103159
-19347241;-11715735
-19318652;504131875
-19248483;48327660
-19184493;13997318
-19171823;-138989068
-19010495;-486303835
-18919855;-20275411
-18901296;-226404428
-18776191;881533301
-18548847;336010036
-18274990;-124478294
-18262101;-11850739
-18243543;-263247157
-18164231;60666014
-18096107;617610107
-17845152;550206785
-17721228;112823746
-17496967;-9500547
-17304916;-467647791
-17234958;85282919
-17192231;21391236
-17134573;-141563929
-17099451;-5485086
-16931527;556795955
-16875068;158199317
-16824378;-709325679
-16803349;-38012434
-16661803;199001983
-16607335;-64851280
-16462753;-462561043
-16433208;-8669134
-16127090;566171053
-15962470;149010636
-15770257;-315419704
-15764417;364102540
-15599092;138446610
-15431066;34736979
-15427675;-12583762
-15301302;200261257
-15135942;746207412
-14972504;153168915
-14933209;414275019
-14907999;-64561047
-14853267;-406565216
-14794328;6947002
-14591807;275632951
-14545787;84200440
-14537174;235609175
-14511564;-364604905
-14484902;705953784
-14348423;401543354
-14241229;-511415046
-14230846;-308077180
-13959669;136636188
-13895603;211378017
-13869404;-573179188
-13856991;-364255651
-13799527;-231352584
-13671580;-512081519
-13540337;-955277399
-13275251;-94495001
-12919579;-84402964
-12897099;31966375
-12811886;271165024
-12713663;68160765
-12678084;-23296654
-12233524;-329533699
-12108556;600738616
-12106982;163495640
-11941363;382167947
-11933639;72518423
-11913359;-136127284
-11893897;-702688029
-11838247;42022392
-11757838;-153501331
-11576096;-97514728
-11433405;-70520938
-11147275;474192780
-11094586;40805185
-10873121;-17191095
-10717537;904667012
-10657354;-16594305
-10403166;17725150
-10322687;72745049
-10288186;147937490
-9894401;467061352
-9873998;421125554
-9819718;257058139
-9762739;183992696
-9675797;131613868
-9645695;12451978
-9642547;34627044
-9604016;-259901370
-9479327;-29975906
-9382955;-98964177
-9343825;55029714
-9304827;-39213891
-9271294;-152042971
-9157517;205265495
-8918722;-2439816
-8819245;299723132
-8811396;122061244
-8734392;21699959
-8684319;-105819263
-8636422;-17618553
-8634081;87440801
-8434414;-309988712
-8421957;235901438
-8190762;-461189712
-8181977;-86396137
-8069612;315849431
-8022469;338102303
-7758103;-261062705
-7730802;-314795916
-7621185;-69007553
-7559438;479045782
-7553161;-31435307
-7541235;176260162
-7442618;361362835
-7301941;-5925730
-7254833;-21289449
-7225829;84788903
-7166383;-807384
-7072661;-680584915
-7013301;325146406
-6983268;-747525879
-6620350;-579592084
-6532577;-453682641
-6514641;79174929
-6481271;196293077
-6256601;413567926
-6248291;-185928506
-6246343;-328337032
-6214355;514024999
-6047940;82455849
-5924984;-8479642
-5824969;450391572
-5688642;-120090251
-5687105;186077412
-5481970;-356094523
-5442953;-285469199
-5220758;47631455
-5194484;79471887
-5119637;188523708
-5111530;-161535848
-5079330;-171551461
-4965595;343693352
-4965500;280553118
-4910851;8595681
-4896844;-29003944
-4810774;-66303025
-4807270;300714782
-4754085;-182552161
-4736928;644031158
-4696285;11250458
-4571331;298540381
-4547270;413774171
-4498399;398865093
-4475123;-545621591
-4461772;-15201475
-4456528;666899775
-4418748;-408362777
-4402597;-438199355
-4299028;99808652
-4209619;-210757992
-3997104;3055748
-3993334;597884836
-3992347;54321712
-3973210;328481758
-3914961;-293921577
-3785735;29190994
-3759420;623523031
-3748819;-828829744
-3737317;767833358
-3671845;-229294003
-3635443;-462081563
-3634260;-217759826
-3546253;-9229543
-3481412;217367673
-3473786;153667988
-3459768;-684701818
-3423229;25938970
-3393907;-275619529
-3391049;-50137399
-3308946;-371084916
-3285885;-500427723
-3252617;273524292
-3176400;543736381
-3039728;125375861
-3038664;-138403704
-3038301;-79704173
-3026856;-383180743
-2994873;298071216
-2938807;-235516183
-2876018;162322408
-2726084;5798732
-2487329;-464798644
-2353397;-163311435
-2300308;-283241097
-2081762;89016603
-2049636;334549549
-2039580;1452319
-2012807;-24568538
-2012505;-8815407
-2003313;-4336017
-1889789;212589042
-1850772;-426962568
-1791868;-421211395
-1658678;40291771
-1518884;-1300245
-1382063;22165853
-1367896;-8278592
-1261377;1346482
-1254911;-184519533
-1195292;288559574
-1095767;-8563951
-1087178;410264613
-863194;-454232261
-802593;681429425
-765902;238323162
-723775;-403406495
-721528;4505006
-576700;-112597773
-512777;11453312
-476346;478923637
-354899;537171424
-301798;138913814
-264102;-6948401
-182773;189790
-167330;-105992047
-92577;-7802818
-37086;105017376
-29865;-495486983
-2850;489001016
20736;-4250045
40165;40720312
97235;100218384
122115;235634316
135056;114631811
138484;254962614
188220;-24134814
276171;-58984334
323393;79798108
334304;223303731
503715;-26452358
517266;194185573
585369;-45929936
618023;87745072
654658;-113053455
714228;-675029718
726790;10128433
731175;48699653
760045;-5077889
790990;273819904
837808;-361306519
915084;-123449776
1015511;44862462
1022104;240644543
1041120;146450088
1083852;-3064664
1113983;-482158050
1172548;-83850307
1206855;210248043
1309286;665335523
1365285;-62555637
1388186;322362345
1426514;2201819
1456851;23532099
1487932;60883232
1543962;632678358
1569296;152713995
1689351;-79597296
1691065;-230263206
1730118;182955
1752118;-4780710
1874573;6670487
1884886;77389217
1966707;-1502201
2012238;38444590
2123138;-620237881
2140428;-526504241
2146892;361395595
2230153;542416933
2239637;74654397
2275217;204084416
2295680;492410877
2466680;-32883897
2476338;96944818
2477475;-20254688
2490935;-603034116
2511378;-462106139
2549311;-376980604
2561105;-14672429
2645930;-415508022
2736668;50748237
2812245;-321172194
2822787;-205489898
2826390;49331083
2826484;423530908
2840702;-588422905
2848540;-475680792
2865470;665297133
2872627;2326301
3009234;262652557
3023992;-22258916
3066898;542397354
3264585;-79931705
3311037;-100960060
3447284;-2283690
3823023;347976911
3883773;-8301724
4018647;-176503577
4200368;83657816
4212287;-89900046
4265783;-126818632
4267176;-577501071
4374487;681078768
4479274;73908327
4479793;70392902
4493379;298790704
4592124;206510149
4656092;478226876
4717568;592452045
4735159;-110036350
4891508;459401381
4895905;-273594518
4934595;403572594
5045615;-366257865
5095409;6875113
5313783;533092560
5578171;102083841
5709279;91656476
6014522;49271915
6030522;-2412570
6089821;268020659
6124138;460835027
6206490;-276334411
6213488;24911900
6236895;195890862
6309336;-254590093
6337780;430340040
6408202;92452482
6493577;-3500418
6498118;154935027
6625676;936861127
6676710;118934679
6851824;535536352
6952590;98543089
7020254;-390897361
7039197;-104013032
7191616;46834449
7353890;-86336294
7517721;-152028951
7533333;-87105390
7617087;462783055
7627430;5489252
7629210;298562503
7714435;347529850
7789923;148997407
7800065;-248592900
7952231;-138106321
7984838;93821407
8110426;-410402339
8164924;-111176100
8222820;28759658
8258420;-754303448
8558770;65795909
8627342;151087968
8656183;129897255
8766726;114914415
8810844;560914555
8880009;348254402
8898367;-191281781
8944675;32224728
9365347;-23618460
9419907;18037013
9427340;-376413365
9438800;-286143115
9439052;528939070
9736023;141254188
9791859;-98048258
9866465;-844930315
9904069;-239364026
9977455;-522030056
9984684;64258448
10044250;-691077051
10113822;-164389130
10186192;375649456
10285763;-70114385
10294187;-6833710
10432964;380757533
10455048;-608451793
10532387;25016446
10649081;211770223
10720124;-614389814
10777979;-123955297
10871810;-103202209
10962170;-338719591
10970766;-334623334
11122666;-22666766
11215192;31729825
11374936;773709212
11404734;-175570878
11473476;546631592
11531651;63841196
11727726;-169199639
11748068;-548640155
11874780;-666743622
12039262;-183398782
12112609;182143189
12187003;769472637
12303261;50928331
12334061;-56338463
12400216;804170126
12480982;67937589
12481201;36469198
12648619;52313298
12662418;144141737
12747117;3296083
12870631;-172958218
12924721;-307910316
13018367;-16617130
13020861;-214850907
13450749;89425853
13484361;-28530414
13540212;-303584914
13744693;-506977412
13745763;129505138
13824839;48126405
14165560;-170724028
14304260;45038538
14318957;90527661
14319603;-31864112
14345604;169317157
14354204;176299557
14398241;500655139
14466176;-259866893
14523573;-10565407
14560711;183303884
14577798;106262834
14583380;-555962366
14642083;21096905
14698795;66847916
14800555;9391462
14882230;-184428025
14997720;267059270
15064353;-39129550
15151172;-2547965
15267174;-667148976
15272525;670217422
15284333;286421106
15471528;83078971
15487190;324523473
15619879;220705590
15792620;-820198763
15816301;-259164201
15818086;85355310
15947213;182821442
16234826;-310860194
16288552;14310022
16315822;242156129
16345840;304195915
16481691;284555882
16485207;-165649714
16558505;263644003
16683229;289162387
16692433;-9025949
16885204;-270117758
16970369;122726974
17126699;-323205746
17313598;621852547
17371083;-60300232
17373246;14833534
17504888;-385819640
17607453;-283903005
17622327;252777574
17722300;-472840212
17994440;-789703611
18001311;-248835768
18331471;-121866948
18362992;188991737
18595337;258281224
18728754;511313590
18936728;-94506049
18950797;-273912747
19104937;-1347291
19117001;-133742257
19193536;-385075340
19279128;-185230292
19322992;-267839795
19439917;78613541
19802127;-485847213
19810778;-330472200
19855266;-23900770
19905889;-212809259
20705330;10114641
20723664;70047869
20730365;-681706063
20783494;355561562
21028950;-40037662
21043508;-4283661
21251147;111460204
21438880;191905607
21587265;120204788
21859348;-342980061
21860175;209660601
21872775;104184586
22443003;196277186
22794624;-21012674
22826189;30374301
22829615;-247542354
22873119;-373661852
22926050;138385143
23048731;-10930271
23298170;11398802
23318963;316238209
23858237;62333130
23925589;306038063
24110837;-470120621
24340988;28863750
24346750;-100580407
24459544;-205336671
24532732;-99400264
25089955;-682585704
25151494;384220885
25204436;-481303221
25280710;-2774931
25328587;-35065216
25436245;-253511942
25444020;-99402
25650750;-25150821
25778401;-234314425
25930195;-102476146
26012657;4988490
26036960;467577631
26312383;91753348
26349503;57877177
26387023;16695276
26590544;-63718665
26608049;-13302307
26666872;34959142
26763117;-480006733
26837889;362344227
26873783;131120701
27081664;9259369
27137459;158887326
27246050;-722548960
27353871;21066896
27361085;-344714764
27416045;306576307
27464821;83414431
27530452;497574314
27598243;-157932382
27626865;308263670
27652085;45711884
27680301;132136082
27845835;-160100100
27873428;-302025001
27891715;-267005527
28034188;19806718
28081562;439890002
28359144;284238361
28370933;-28894857
28484029;64378376
28539452;-12187050
28824158;4313935
29044500;-99528458
29143503;-299984395
29230423;15930263
29376652;-901308006
29427861;-46465470
29527806;10956127
29705363;-457290505
29720821;38590299
29783802;41155550
29790387;756886
29958313;-58330238
30049465;-99053310
30099723;17027199
30162016;260583691
30183955;-157815079
30591997;-474219297
30720088;-41694052
30818860;-82212609
30940052;91638224
31085957;3202293
31093322;-233392436
31096858;675326407
31209033;-69546581
31505959;15579103
31955099;122787684
32187856;28821212
32200751;346815767
32425138;-22437199
32497313;-162741261
32644070;108658544
32717016;-258101018
32870064;1953559
33034039;22426849
33048191;-627674552
33070097;-712696233
33260803;-398086944
33343464;-143626504
33400022;-15888508
33702406;41821743
33739130;282686381
33767636;25529434
33948487;249992397
34014289;593930036
34016141;64355066
34143914;72913227
34302887;-22929960
34371264;-390994514
34840653;6132498
34890910;-303809052
35037976;55914876
35040465;300466440
35210049;-36981933
35403975;354695535
35433386;58867320
35437312;-38147451
35492532;-117177595
35651482;45473096
35823142;-177911551
35832807;357649935
35922544;321933432
36130649;-47565992
36302663;7393511
36561257;25152614
36653626;285369242
36749486;115085068
36817056;13346392
36821932;-559260120
36928346;-173963081
36981801;-272411316
37213729;47315320
37394995;75410791
37396470;-37412450
37759360;110043192
37948204;66918650
37986033;398389314
38000849;-155997709
38349822;-60240112
38404763;19009982
38409520;-6866747
38567716;229581380
38700751;90814962
39100814;267686208
39152558;-499493417
39398294;-177030324
39777407;-173939643
39945508;-150557738
39999018;-369505768
40175898;-96144177
40227050;-178323504
40343824;-24485536
40483918;210776893
40502192;-627547346
40541591;-483359394
40650781;5820639
40757570;-215230862
40759599;384199452
40782804;5246667
40870827;-81808457
40933767;50413460
40954197;-40698706
40977557;264858486
41004519;-145298087
41058775;11765795
41079737;-279689520
41080639;-74560754
41212922;576757717
41537596;-79178560
41685601;167814588
41717659;50086942
41774175;17505218
41779817;-500109743
41989692;-9405621
42014879;92201636
42125194;-50904230
42178353;-488547416
42223275;-33569786
42243484;218951427
42308654;-24927315
42316011;-785864517
42539317;6154756
42852834;-81107748
43007890;-624988233
43179989;22188722
43527812;-137630965
43544156;270970879
43600962;6254703
43757251;-33049855
43791131;-10458878
44085291;106028065
44364289;580334333
44391528;344138804
44396429;2104044
44757862;-152964107
44824690;182692743
44833530;-175253163
44866255;-11080431
45298557;5907734
45427232;-495311819
45524939;128910138
45657742;398514266
45836613;5748562
45903716;-76614664
46133347;-490401601
46140277;259000422
46254462;-26164902
46271937;-2916037
46482386;20109933
46572191;-498481022
46691998;-397154311
46778801;-655817465
46908867;208550956
47192536;46121924
47291603;401913903
47432886;-62709225
47454194;-66594339
48008166;39313243
48029069;226915682
48071245;345239874
48111488;-53857423
48137140;-7389827
48554741;-115850462
48647762;50060755
48701794;13256515
48863332;-11074181
48883528;616605175
48895166;-18972611
48972642;131712577
49152168;52253800
49199797;270006425
49312777;-48946407
49361606;421835880
49439644;213942016
49548075;-167688553
49667113;-197997124
49723311;-115589
50326443;628881189
50346778;621053586
50516623;300574829
50613069;23017356
50619601;2127615
50686351;63276187
50717656;488542577
50949722;842749195
51086346;800364476
51141771;118942804
51222916;-96777307
51430419;55392948
51465783;-99760939
51474358;-604176145
51720726;-4248199
51739469;424349871
51884305;189180564
52108424;226502039
52215921;-97526156
52302442;-156495085
52370793;-238241493
52428063;195929876
52497071;5143275
52597561;-31540379
52973282;306943802
53010191;203074759
53104790;295369612
53143816;-192950443
53409669;-409684477
53986379;-237446505
54028484;-749200728
54040693;5930186
54151652;-43893538
54388496;-13120804
54548184;264898586
54730240;121496881
54759356;485006248
54878804;-885967782
54896793;-108611284
54938454;229343681
55150244;46236502
55225290;165852910
55232927;101228128
55260738;-1225558
55583250;-229351213
55594265;-115754910
55722749;-10695608
55760605;-467001446
55824088;91632773
55873967;42824375
55904863;744110304
56053665;756029737
56243128;-335878542
56278287;-47835903
56305135;191089728
56513383;-11757307
56546009;488725727
56747244;642889073
56880749;-724097316
57021298;125578760
57058455;-158303907
57185354;29372299
57508748;96045808
57837246;-38627482
57873488;227211560
58048642;-1544215
58349751;525838984
58372541;-372272163
58493475;34693696
58517373;-153266
58603744;215873180
58679321;-6388762
58706885;-194873596
58848440;48538388
58896227;50806521
58963182;-2172410
59036675;-897143454
59044291;50189210
59278048;59115941
59491570;-456314944
59781950;74936519
59872849;169281390
60145533;-285552051
60356588;-9187629
60422061;15726493
60549241;71445459
60707497;-322852996
61008857;253437610
61043804;-105301767
61400451;-171697665
61645337;-323290310
61700233;-53323791
61703264;-459089230
61724797;137046956
61843935;136411695
61862895;-14996270
61877361;35859404
61895298;-38894372
61981488;-43766916
62012450;431047041
62137126;17333811
62172072;-532942211
62268696;19609400
62287159;68769089
62574636;-59450126
63465973;5217801
63490097;429494943
63885174;121458420
64047701;194132207
64074422;99127962
64490334;-316384188
64560188;-4973263
64591282;-85197058
64629442;-62418077
64670773;463068111
64715466;-161145180
65024312;-698243009
65100366;8577666
65335103;483720518
65513685;-104310870
65692188;2929850
65943319;-763386068
65979033;704245517
65986367;-289491966
66346482;82462744
66434069;-447834288
66537463;14700087
66552660;147323147
66631987;327864651
66842370;232962839
66874841;222823242
66914993;560216045
67180175;44558102
67324144;39704989
67576686;709319037
68056367;-395486136
68411726;322081514
68853840;-177570229
69106842;204653082
69373606;-474849309
69469820;-4499499
69602048;-357845864
69630080;45657154
69749404;-118222432
69970215;-42684074
69990206;32073410
69992670;-64911073
70031179;11047827
70105842;54013826
70150824;-114032881
70356650;-217814870
70396999;414797849
70423664;88102045
70537610;250087742
70859330;310915557
71334757;-658402227
71424859;-630134956
71499965;-7014433
71517753;175146615
71545942;-379145743
71724993;21155295
72095586;654056523
72333462;114104296
72374508;60750440
72486893;-358588615
72576273;569501863
72717180;381340855
72863912;-628773412
72869759;9141701
72923158;81313350
73254545;646393139
73439949;459682687
73668500;-17187252
73761035;-33686728
74261011;-106476487
74350461;-92288918
74620366;407420546
74871161;-845358639
74930327;-535796952
75184275;-14347660
75358565;-120350705
75591000;152588778
75713205;-314761460
75740817;418363677
75768885;-72757016
75948028;610913586
75984768;333922436
76061182;-124721086
76130667;250802106
76235652;157614144
76369133;-66346371
76449983;166433275
76581317;-50566676
76722027;50824375
77144867;411424189
77146753;72901075
77410490;-108772813
77540488;805230367
77704976;19792
77737281;-135542108
77959189;130044193
77975286;797737732
78169982;2330345
78394753;-17463049
78476655;-54070578
78672885;288218636
78905738;-537923729
78958201;-71613477
79020310;89634974
79133697;57881227
79266237;66988355
79500501;-16956892
79668521;813399
79709136;-12297196
80302789;-258129881
80349394;-202050108
80578075;-607873519
80807109;383529010
80812337;74335851
81341416;434331206
81581653;190959713
81586976;112080230
81628188;249737819
81797468;-42478384
81885720;305480827
82351925;-76224064
82713013;-249483734
82874305;-57073594
82956861;-328551297
83005625;-613500974
83074255;220490710
83179389;56800645
83215855;176641127
83554401;228133801
83787350;-178948058
84084152;-299670965
84199806;582461110
84473698;114594591
84824744;-46692263
84965491;-433923547
85038436;146521197
85168216;328116618
85236263;688892870
85659151;524360011
85709187;9415959
85893703;2222629
86218905;-141398106
86694488;559750049
86759607;68461957
86963079;179264774
86984521;292879797
87737654;-418511945
87852828;12538381
88064093;-206181287
88096636;-153092392
88103270;-388160195
88121348;-6772759
88352831;550082023
88871802;-17087131
88924636;-85815201
89109222;460915755
89190204;159264651
89292630;533684130
89458878;-68071218
89583846;2048929
89868382;-73526211
90583256;-5456294
90938199;-49173058
90959711;-397096624
91160846;18742750
91641669;-104420496
91738464;12306905
91955139;-30918557
91985140;-488979773
92438128;-111832448
92466865;510127342
92597742;-21141480
93216724;-25193538
93385394;-243340727
93410724;-578958847
93640992;-2421144
93814565;55213507
93925979;491540485
94831807;8954282
94838819;206723795
94965843;668130190
95155273;24643846
95763887;79252480
95795771;-8942241
96022372;460155906
96043866;-590686780
96089287;52502934
96226964;409918725
96450166;536560
96637919;354534700
96857248;304054943
97111631;-53519590
97211930;234569465
97864585;-425231807
97963847;-538518772
97983940;-131520477
98161033;298990264
98421383;7758407
98538835;249382968
98546664;136467414
98547752;-603418828
98817309;-416560403
98968844;-371910201
99001084;-214639769
99199151;428924564
99261817;-303611821
99327044;587540464
99336989;-77290276
99609955;12244805
99922895;-5434340
100138853;106340
100207077;-281121840
100267555;-52464631
100285187;257595293
100285676;-518067195
100575890;-300790572
100807762;-1509621
100836220;-234580707
100860463;-13542922
100869220;-97617449
100963315;-300818255
101194956;-590649639
101286178;-31565637
101428348;-368658281
101498586;459280971
101776940;151605860
101875917;581935813
102350428;-404331846
102371953;-454234874
102441404;60554503
102880296;26282678
103029903;196795506
103138704;87896673
103195366;22657513
103561131;-210820557
103638034;445880258
103802244;-12398223
103913106;162388523
103956230;54414607
104081558;60549666
104090025;-35273861
104282180;179976608
104663071;317570269
104672773;39172540
105152778;240770290
105318457;591646435
105563958;363758975
105604037;336357322
105649976;69654924
106039703;-189158780
106395847;266863119
106627536;47283291
106691857;-250374059
106904421;35472940
107863277;-216575688
108522655;-105711523
108559270;271044941
108702158;-90472441
108740360;23012452
109328500;147130414
110454493;241822261
110791953;192392615
110877350;60295989
110916047;5077257
111111173;-488169421
111268840;-46638350
111435280;296865733
111985862;222682885
112211185;-23235154
112221048;-165322826
112317716;-210524630
112473680;-233731363
112647282;62103591
112882738;-204323899
112910017;-203337641
113420425;-314837813
113542199;-666704420
113707620;179158465
114210093;-219524568
114324518;-16020627
114379263;-128988150
114509200;-237749329
114545451;179446819
114706658;-106527620
115144739;-979503063
115230396;69141979
115271101;854983146
115432043;-14972263
115649714;-7463517
116398213;-40511763
116483671;-112279593
116616218;87664780
116644663;-628359540
116688545;-481466356
116729758;-165323713
117014110;81547907
117210435;-38519826
117407186;391421467
117443094;-150075332
117468367;189672802
117870510;109221519
118044138;569664348
118247837;-258960223
118517921;-627770975
118825475;-83593676
119209563;315251945
119241520;-974628124
119567462;184855367
119971498;-21238702
120245211;25757294
120352684;251865979
120392384;-170716511
120651664;405685876
120798262;68514302
120897229;-218064542
121979367;318674591
122298829;-103490489
122405415;554344252
122650090;-206317500
122844735;-76752163
123085101;23388894
123925361;42365280
124128214;56735857
124869684;547359073
124992314;5062197
125383615;437646253
125593429;-190477715
125736215;1722423
125855062;363328222
125872337;206908250
126232684;604629236
126395533;127645852
126647142;-583697268
126674147;408940079
126679884;436522552
126904494;21832362
127154877;-85720828
127528167;212681593
127653222;62435583
127721746;768377129
127821746;26820017
127965663;9315676
128054729;3395877
128231011;43022727
128234443;-14983260
128680092;30742032
128867528;-35898304
129015936;159711438
129221447;165764355
129324534;182370383
129651865;429305139
129811503;407159219
129884478;396620292
130106785;305615548
130222639;734663476
130325058;-572821251
130956541;21916976
131107734;254289308
131197875;316591307
131286566;113655296
131862248;-20221593
132304038;-80528910
132778635;175089147
132858805;-628112511
132880837;871947541
132888438;-372095896
133066494;3361902
133087277;-188738612
133629764;-6903356
134402233;-121772608
134468132;242037799
135174302;-34321783
135211397;4053728
135362371;-6168698
135839938;153741711
135859744;218802909
136453261;339521683
136769125;72769289
136989874;-4541820
137345620;-254314288
137489117;-388358100
137747985;-91677228
138012796;-391387158
138060736;252178983
138212006;96271659
139201995;704415132
139427882;-15289329
139628252;-97321687
139943073;-10330378
140317580;-222589335
140715198;-424329599
140729002;-156071826
141885816;338199283
142017590;632367713
142020991;-20274029
142066910;106668914
143357075;-13393401
143932539;62246029
144199426;17969328
145019360;-13013938
145044945;544355334
145376611;299994983
145579311;-9421835
145697376;-163119703
145933093;-202974874
145992974;140065522
146314151;20108532
146425040;332162797
146700851;93252604
147120011;14239775
147154522;67758140
147392908;327002524
147721270;272982286
148349820;12460932
149401680;-11337647
149543959;161469245
149723675;-589761898
150034398;-203245394
150072822;778172
150252256;-29874806
150274785;-83530718
150602514;-66946710
150689274;74150632
150776130;-11016675
150896617;554791788
150945096;17453744
151333463;-203830281
151360779;151301458
151467953;130378434
152219783;74490057
152678294;139572738
152695715;1561752
152870345;-685148380
153566845;-794546968
153925841;-271183734
154284466;706150391
154286458;26381873
154543789;65506148
154546208;328108745
154924530;87299791
155474461;-189225609
155653572;-402209671
155737663;-85700825
156117440;29410235
156170237;-314563806
156320651;461528563
156472763;-293802484
156505816;-121113495
156573116;175600974
157009086;138713836
157076359;247576107
157700719;4131025
158011167;89734263
158520394;33167782
158625896;-221092105
158924955;-121108503
159452532;8772114
159914749;-204788744
159996586;588118801
160526000;-115132771
160636370;-43490988
160868802;98813069
161015065;506570324
161065589;179512457
161101496;-30376352
161488255;716274239
161606310;741331389
161624494;64000514
161854215;-621691495
161867635;6527215
161908546;-414569020
162075285;-19334677
162091953;-16043253
162105877;48850586
162272161;-35516194
162318979;304240556
162441878;-107527026
162891113;-83579550
163433506;-73203577
163617808;-632670952
163741583;-40037245
163746862;-275624041
163747934;-18833140
164194983;-234341559
165042983;-41878108
165097221;-516455013
165445731;-27994432
165460466;-146831857
166940180;802712885
166943940;-83538722
167244177;92462115
168469924;-555294774
168492061;-400570104
168708921;93452004
168732827;8978602
170009978;-72705441
170085215;-33370065
170543960;-9399602
171763631;22121272
171806352;-24473323
171822473;-41594159
172303070;22835522
172407661;-384078397
172536222;419547303
172743623;-451005032
172994302;231209886
173908449;-954758073
174100356;-34434647
174335995;-29288651
174600071;646481457
174608796;135371084
175052735;20507702
175063980;-182919415
175822233;332042122
175914333;85212936
177043406;-7290957
177392609;-129882215
177433310;-258319889
177454505;-119906809
177562073;32426896
177794196;-262371798
177882408;-245647608
177982712;-439297534
178473476;-498056638
178593373;654156775
178800796;251044017
178836703;8878685
178964637;-204284362
179616519;277857320
179667050;-10199977
179789990;640531160
179888342;-108696993
181125157;-96185380
181153508;-42520133
181585782;-27322042
181615263;33620033
181643489;202644472
181913857;353680974
182584575;-725632465
182718211;134277090
183249921;-17234461
183694826;68650918
183810939;187196123
183918148;513708531
184150078;-28164172
184502081;27262441
184624907;224477694
184641137;14131894
185384321;-15431332
186690700;41530005
187273229;13801671
187805934;74629589
187873447;86045002
187967313;710412765
188015298;-296032536
188361237;104912838
188792098;-325079171
189854760;-72625443
190312449;291753871
191099950;414409405
191189365;-489119649
191825099;369782022
192180741;436324148
192478738;229818708
192634353;-41351649
192751328;310004789
192800973;1219456
193277915;95963747
194276840;-177782085
194422967;-293076657
194658634;24206452
194805778;-218238
195203925;100485559
195274683;-351797385
196174833;-54773440
196336319;-961437262
196352604;101928846
196612124;292557324
197129528;-277726352
198598240;-351837711
198715870;185898494
199013181;295820273
199101115;315555208
199497969;-379367398
199520911;-140591485
199632360;39298241
200060955;3061309
200182886;195786198
200818340;-298007867
200895252;49694220
200896877;72583392
200915935;-246414980
201279326;25597099
201404891;42911031
201420411;179074302
201501447;645851187
201552835;596904377
201851462;-120717568
202138430;73685301
202564452;163195647
202676536;400813326
202800995;52497025
203009368;-51496985
203245515;197736429
203859312;131325090
204010949;11655542
204038281;-190213196
205008314;39292735
205076618;5904930
205415655;-5478293
205935765;-288312834
206001607;-80840742
206131850;450252619
206538283;154461940
206709339;-747397534
206721959;409852338
207150058;-10212785
207249320;-40221422
207874806;-412268023
208815322;1783707
208913599;-36448094
209258648;7040342
209702809;-46314972
209705801;106472219
209932274;109064305
210057318;86014322
210079669;-391301754
210255511;46623821
210803618;388743775
211307108;94868390
211325258;-15986588
211490928;-261713383
211917204;-382472712
212192131;182340000
212213902;542425819
212230608;-24594519
212538236;228395049
212556201;-259724381
212610535;-336433876
212621980;-58246744
212874389;-174787771
213102283;-519404229
213449290;372220819
214064983;611161191
214476924;393929250
215038143;155070404
215300514;-60697828
215462695;100270364
215955034;144023343
216264066;51622201
216652725;-26671715
217084240;144366783
217571819;185986782
217946741;18944136
218247859;469494896
218505189;133714140
219519092;223876266
219699810;-217090758
219725191;216890660
220919142;-134606695
221056766;-641720
221105206;-753799068
222563674;93686802
222726212;968649
223521066;-68831070
224143831;386037652
224271879;408186659
224663329;-278956425
225416206;78642325
225519275;-153084114
225636681;-19989576
225693040;-79993928
225837321;-80700294
226675213;18373630
227205462;19736044
227377848;-482303506
227445663;125151124
227567073;-179149915
227633729;127342479
227733821;140617621
227802432;29420291
227898542;-562567469
228768833;-136063313
228794071;-481495446
230023050;-103287293
230392608;-43575171
231996685;379931684
233084458;143856669
233239818;-497731033
233329147;-108910455
233475101;-722014577
233652944;-365963232
233752211;75157608
234304090;-24610980
234437527;-79757069
234580368;562231
235342701;99324178
235545263;89349310
235625053;-467890487
236942655;84426171
237776838;920945918
238076032;-380450454
239318856;-101898045
240123616;-99663924
240209360;248307189
240799567;115704904
241252499;-40627025
241903447;-310503945
242041541;360642387
242334984;-75955097
242737249;-144927105
242945219;48960372
243476595;342303750
243550919;114175852
243621983;-330883906
243825347;398643549
244123099;-42527074
244151843;94926693
244484610;537778567
244838902;-261945859
245058845;67595038
245800632;-539210616
246230080;-432178267
246719159;-21093735
247436634;-590649550
247473285;-58362060
247762555;90780333
248162628;170836300
248363363;110583225
248624805;59800266
248817398;739207004
249066403;15987260
249698482;242622008
249712282;148700197
250222596;47866076
250832533;375845889
250922338;-57243812
250952909;78409810
251289170;-97854213
251904336;-114665646
252594180;-783355431
252670377;266171530
253281362;499247786
253857373;744652157
254015088;79349964
254407455;257398448
254771815;-183245436
254987191;-900072
255162007;398201752
255802214;-108575826
256552421;16452599
256708348;-4241399
256749713;-681316866
257268012;515369947
257371356;37220139
257494543;384841973
257579588;360431166
257818323;-365731416
258013720;51982433
258371288;-38762039
258448628;17752804
258970232;137257191
258998167;-17066753
259599438;-1764280
259634898;114779082
259751405;-50768023
259833326;-161400359
259870332;40443614
260092866;89197381
260181246;-5879077
260847751;21118354
260907016;51915555
260960540;149242172
261148832;609730550
262346433;-240822144
262416982;-133127636
262881680;-362922956
262972532;49440983
263545793;-395347362
263626581;575649035
263789714;-9216289
263978578;30436640
266653455;27039067
266657069;-22330400
267019347;-16208835
267559756;276379222
268190762;-275698310
268750140;473761960
269032116;92876603
269637274;125866646
270316345;323952987
270769970;-166274575
271188610;4519290
271421640;-85089483
271803275;48294582
271884361;-429565899
272078834;-183259160
272467679;2592584
272675400;-411905430
272953412;-325579385
273794893;-373474312
273795501;-514430970
274672125;-262126183
275233320;611177465
275284790;-5214759
275445913;-137322864
275879001;-688387467
276300029;-48321000
276346129;-60459716
276409910;219592434
276713522;510982451
277099021;-44369503
278255236;-741779739
278347298;-240601250
278372573;-476857169
279177469;-396388414
279303908;-486445935
279412759;-117531676
279466126;85913838
280126896;409176180
280934078;28833519
281899162;-88458207
282396434;13046181
282645993;-58737982
283327094;-285352428
283777000;-113151080
284621448;-90787173
284682527;202913208
285385150;-131258212
287375764;-83292926
287862356;-329894248
288134560;126605447
288641454;-11303566
289105076;156810591
289626193;-150966227
290265268;5759342
290714352;-546716155
290744603;309282377
291759255;-289031549
291959684;433813517
292113558;520336281
292283062;39418374
292309495;-32008314
293564746;-83321470
293669323;131853808
294091263;29575913
294362742;-166520749
294438210;-623013232
294864547;559287498
295481459;135897974
295527054;-16704508
296791403;132820627
296963240;-37485772
297332431;464257356
297431004;-158419647
297912909;-63755102
298119629;-47508008
298140260;352568456
298344884;599042667
298742900;-2551268
300359834;74224438
300832139;425007704
300957971;11621402
301131308;101101892
301498679;-64635510
301905792;-55501473
302632207;-193209175
303195556;154986082
303296667;412847806
303995285;456363119
304637891;277604647
304695334;-135130600
305082699;181219094
305449444;-168320760
305834284;806852662
306269523;-133965056
306281225;-132374430
306429790;-103727762
306527921;-78491076
306715055;369299964
307765890;77013128
309601079;298273980
310632223;8026492
311127987;-416277059
311308649;286412735
311517913;29099614
312038590;-100258243
312505910;116219280
312647960;94309468
314635630;-487211267
314739772;-38544167
314966205;194645809
315332169;177926164
315461025;529446491
315643420;845109741
316132134;-757678
316346359;-20205592
316999041;-804817540
317460372;358296758
318190942;77797992
318778296;-408081798
318800306;-210640232
318922959;-361827617
319713787;-261232776
319993974;661806923
320036556;-70923141
320328073;271983824
320375151;-164810119
320863197;-166716713
321666965;304572988
322651296;-18392484
322971358;-250022547
323030231;-342330766
323535823;-364409599
323639770;-629464186
324633279;635702660
325078946;-689729069
325222388;234715779
325380601;34355977
325650508;11410683
326165943;-59388150
326176787;8857441
326803578;368178049
326910745;-245147953
327030418;-466843322
327200176;-31584631
327528919;-193669939
327933139;-41908209
328042048;-194928955
328086074;222936474
328115766;176563835
328133807;-442753399
328454006;317687949
329099105;15135701
329526367;115827304
329765746;120143778
329829456;4983357
330701906;-788108259
330959603;281055775
331002777;-46214992
331210800;152058802
332253607;278570508
332264797;57501748
332458032;-60055347
332896294;95337796
333372270;30083975
334036915;140807297
335153475;189091071
335267527;84205331
335306961;25101867
335584406;-441820213
336056675;149696603
336208689;-318085152
336262446;87143333
336607274;98292495
336649697;75568928
336973835;352616526
337748868;-6930441
338459186;-303616121
338706223;113570715
339030186;17839683
339231038;400108190
339306344;-47513514
340013056;-363690157
340693867;371105149
341267896;-147580553
342097751;308928850
342261318;548048065
342530287;167211850
343150177;-28101518
343921160;1150013
344985715;88478444
345683501;435114324
347483026;124916459
349070654;120357902
349593779;383346097
350292888;453201718
350336321;695731865
350718026;42531954
350775366;30012682
350924397;72758758
351513782;-3914918
351727296;243056614
353444958;249966387
353514986;574074917
353996920;-99833325
354541878;200244475
354805699;-195433869
354875946;618779308
355480786;-7657823
355674910;-24079560
356430732;-870128998
357243557;14310267
357487336;-93554923
359262716;-272000589
359913758;20866084
361053994;-309836410
361385153;-103408233
361418789;656756039
362481054;-456240772
362718974;281146798
362957379;240736983
363592483;-37957557
364910609;123814308
365779370;206041444
365797660;674317327
365822873;136089430
365991891;-13272332
366223475;29343072
366418213;-98478286
367260345;540065583
367287963;-15380795
368257387;-136291069
369083710;89495304
369468248;-56257578
370309525;49345857
370640361;371058365
371074933;38536162
371489300;122968412
372041784;657579092
372068868;-12167125
372432453;-302776430
372879645;367994306
373229027;243999087
373610782;-253158842
374968636;16738306
375577905;-89256210
377333430;-464104748
378915540;-535971611
378937576;103818221
379004649;241527415
379017154;-49677225
379196032;44875609
379663743;88161987
379835532;-821485
381050665;-121970713
381914244;83258504
382113519;-381446301
382226767;-786634366
383004361;16173265
383061780;45358301
383826616;-296694977
383906127;761954056
385891261;-468046697
386254787;95455352
386865590;755720874
387140842;-484897358
387187676;83328908
387565162;-103665541
387753262;-174977506
387987977;24700488
388178980;-5162413
388434349;866919404
388476809;-87992556
389424562;-5443841
389503747;-88435848
389664362;-5407400
389898992;-191708015
389945206;-24450199
390757606;32689972
390805829;17277249
391023666;139542981
391256283;62240649
392215440;11581610
392280248;-368163520
394126908;-305349049
394188549;-736367067
394527098;-500274094
394571886;4003333
397922559;-284018847
397974689;-25972084
398702296;-500257680
399520739;58426750
399891200;241287685
400328065;240095195
400705331;675792047
401059873;-7419542
401670352;27864392
402596481;718114409
402708862;-548755608
403860882;192910095
404216314;-892521827
404424528;-81507628
404846698;-62844104
405693522;-79101616
405995712;-261195984
406053378;-370028560
407231552;-186107285
407302690;-530512040
407609259;-73388796
407616821;-202459658
408338415;-127648041
409567674;87706404
409648103;73135987
410211739;-277579985
411148958;-130843888
411498853;64497740
412444046;369071921
412521136;-156777218
412559666;32151054
413698241;-70826019
414106151;89616730
414597480;-326394678
415388174;-278266156
415996736;201321124
416199056;-513969562
416689137;725440118
417187377;-750208314
417396126;102623781
418818472;679188024
420407736;256987834
420644853;39866597
420795275;45051785
421697978;316019874
422035812;7645885
422120929;-45874813
422228850;151926706
422639230;49792115
422895173;343991274
423238878;-197087012
423654385;95807144
423826532;590221344
423928753;-357456725
424189693;-367257608
424239888;-62368932
425951231;-53172820
426571363;482717146
426899883;-126988997
427870058;-138009974
428008406;-585025994
428836475;626951329
429661028;-499114781
429805017;88141605
430196638;16631276
430234957;556545689
430841914;264571212
431480527;-276953732
432584422;191740155
433098485;68491282
433741118;-721447942
434058598;-538720869
434143127;366925722
436056115;-371410458
437041308;450797159
440130047;298608379
442780880;385931829
443288740;-230710534
444458360;18095940
444549935;-17741518
446480724;461147748
446572973;-6287525
446598285;-56350611
447814738;304125983
449190615;-197585572
450894204;-241774133
451276328;-696218505
452127479;-395288594
452952412;-650993793
453093135;297076498
454283940;-154384491
454831872;-483247393
456881500;-47078067
458120553;-214285762
462620896;-309535033
463223763;-764782841
463707846;55487990
465051132;61915114
465194208;93652807
466510446;645317496
466656797;-7357664
467341203;332884358
468458917;-491335428
469102791;-4505660
469366271;319614966
469671172;9092498
470408191;-227835225
470492872;-129462727
470729245;2574218
472589261;-417347220
473179048;-111352566
473267397;5765636
473403747;-15725009
473825060;-435207273
474132071;-324655245
474455033;239839651
475419961;-489036668
475481913;-892741875
475667519;-467849302
475682040;993587991
475901701;581761189
476665740;-10687427
476975153;-41528763
477176950;-248575425
477291937;-165536603
477449675;-121465496
478096707;-201579606
480670504;-202722691
481680315;4717014
482058995;99147024
483797964;61959751
484115853;91885535
484149032;-3945695
487854932;111270190
487905685;-385071675
489126783;-24837486
489421636;-590193382
489792903;-192667526
491607476;-370190002
492623496;-220301449
492994595;-409514869
493201071;130938516
496879790;-304143142
497576153;-254296976
497869793;-265035368
498026215;-161894970
498770529;-24631821
499840920;141309114
501120483;55370732
501772513;38907606
503382683;-601977247
504491506;-19663775
505037186;388098933
506861321;-3628302
508474404;443560758
508515112;-554516
508752508;75478862
508887695;-28644277
509551385;97907806
509664028;-217177652
509825089;255735896
510346800;-518991758
511953395;-119525329
512359062;5324071
513016008;-87305001
513308885;-153600821
516125699;-20576651
518371038;-9105849
518852926;-306695390
519203924;-751320073
519644632;-48216763
520256456;-252393345
520541060;148996706
521017267;197513347
522946799;-28088934
523815064;-552755038
525157380;-844692313
527285349;2323938
527886091;142217921
528195860;66707499
529769141;7467731
530377880;-29780642
530522354;127553573
530969435;576726239
531892962;91616874
533658777;562539710
534228474;-78252482
535215892;-516032964
536155610;489113060
536468730;-78980761
536655716;-324951912
536925299;-242328148
538102072;551002084
538349532;-59135258
539128621;-225101484
539286609;319827917
541158852;248833197
541650893;352858945
541698268;-85606405
541855418;-363873950
542941299;219400669
543016585;-357211217
543869711;164634752
545863343;747121492
546549652;264351323
546597373;795428917
547779877;88841984
547892516;162247806
549053017;-765242221
549094906;826232843
549517855;-79944971
550782402;195998896
551373055;-601047117
554967003;-38681917
556335152;-52878271
558387981;65597222
560502014;332464198
561362936;-117523393
562551118;-365266561
563057406;-329571471
563173320;13087322
563442994;-134616904
566020965;-96522148
566396669;201371541
567505182;-209417499
568233111;17854232
572949037;510854105
576455605;535860907
577622666;199632147
578030589;199227867
578461277;187051877
580396042;-165185002
581044954;49585938
582295308;58087682
582886930;-8284362
583510188;83770631
584439665;259455104
588161775;107195583
588906698;111974593
590394226;-678115734
591051577;17191298
591952617;-33377509
592219142;50981263
592354439;-167480087
592369803;-316946709
595041805;25702082
595473164;39488009
595520065;-36591344
595995226;-8734633
596653560;-48097705
597718733;399154624
598954290;-24117743
599573905;-147083190
599794176;-531343641
600414750;201998534
600984691;336754876
601217029;835045059
602230887;-63671439
602404104;253453072
602900369;613337054
604510728;-58867312
605287313;69126794
605332417;110838312
609090412;-3064430
612095930;217334860
612981393;480839981
614820696;-216151827
615390632;63057742
616848065;-70443855
619433207;-39868757
621408553;365889531
621520635;-311253520
622455645;69218074
622618155;341362158
622980692;-542475
625199841;653893061
625680907;-151252636
628696441;-116974715
628850328;161015142
628968390;-25457853
629795477;29103480
631488920;13328799
633203467;2274892
634726306;36566662
634882040;116350229
636064119;146793424
636158013;-635142612
637860221;290698697
641578584;344810906
641936858;82683648
642317890;1432872
646734475;66465711
646808620;33292581
647025485;106812500
647295660;34354454
647927203;59868319
649664374;-165913487
656042483;-167807988
658735516;11121599
660479153;187440377
661775562;686258095
662726093;-342116063
663108440;-141794227
667083491;135525794
669533688;56834616
672343330;484506690
673644902;225654654
682096238;-313402835
685916795;-151564820
687839460;19591234
688633003;316081351
694260815;-8154734
700832895;573583258
704888763;906127593
706443561;191076448
707006780;266089281
709354906;-174397287
710640784;-5591104
711900931;-116094740
719895803;-53084913
721538185;250290229
724049078;-165545308
725143396;161901461
725310293;-32231039
725876073;-32215725
726577099;-151533869
727339758;-505864144
730871005;-268801265
741543332;-926215790
744263737;-282098351
744990993;360640873
747444273;79621065
751994338;444691728
757092131;306500661
758062025;-921604611
759741747;13041603
760803171;234114735
766423830;-275419386
769834665;4181081
773350975;379469638
774044786;-650747616
775008568;28123731
775172122;199519093
778530506;-31744091
780131448;105225049
780666965;251872934
782162635;734005630
783340286;-325255765
784750128;-424260847
787910164;-42196898
788683575;61614947
792802469;409210618
798853269;-77006836
810466788;-22334686
811923322;597899510
815798966;-186472583
818788931;-617022105
819234800;-482855423
820310618;58551410
822536402;-484839719
826349999;780938701
832233309;-333609775
833108042;59827772
842513174;-40464412
846424497;22337898
854734550;-5628262
855409247;422311298
858790355;85669127
862084381;78375400
863453294;255329988
867103265;-128186982
871391546;-691065543
898679666;-406110710
903001621;-242242224
903727833;-144496349
905819763;83528507
912343092;-154739782
912835575;16214610
914342120;650360204
929908270;2109297
941654720;369562517
956112025;81028953
977035066;-206454646
